0000000
0000001
0000002
0000003
0000004
0000007
0000010
0000011
0000013
0000014
0000015
0000016
0000017
0000019
0000021
0000022
0000023
0000025
0000026
0000029
0000030
0000031
0000032
0000033
0000034
0000037
0000038
0000039
0000040
0000041
0000044
0000045
0000047
0000048
0000049
0000050
0000051
0000056
0000057
0000059
0000060
0000061
0000064
0000065
0000067
0000068
0000070
0000071
0000072
0000073
0000079
0000080
0000081
0000082
0000083
0000084
0000085
0000087
0000088
0000089
0000091
0000094
0000095
0000099
0000102
0000104
0000105
0000107
0000108
0000109
0000110
0000111
0000113
0000114
0000116
0000118
0000119
0000120
0000121
0000122
0000123
0000124
0000126
0000127
0000129
0000130
0000131
0000135
0000138
0000139
0000141
0000142
0000143
0000144
0000145
0000146
0000147
0000148
0000150
0000151
0000154
0000156
0000157
0000159
0000160
0000161
0000162
0000163
0000164
0000165
0000167
0000168
0000169
0000171
0000172
0000173
0000174
0000175
0000176
0000177
0000179
0000180
0000181
0000182
0000183
0000184
0000187
0000190
0000191
0000192
0000193
0000194
0000195
0000196
0000197
0000198
0000199
0000202
0000203
0000204
0000205
0000206
0000208
0000209
0000210
0000211
0000213
0000214
0000216
0000217
0000221
0000222
0000223
0000225
0000226
0000227
0000229
0000233
0000234
0000235
0000236
0000237
0000238
0000244
0000245
0000246
0000247
0000249
0000250
0000253
0000254
0000256
0000257
0000260
0000261
0000262
0000266
0000268
0000270
0000271
0000272
0000273
0000274
0000276
0000278
0000279
0000280
0000281
0000283
0000284
0000286
0000287
0000288
0000289
0000290
0000291
0000292
0000293
0000294
0000295
0000296
0000298
0000300
0000303
0000304
0000307
0000310
0000311
0000312
0000314
0000315
0000316
0000321
0000322
0000324
0000325
0000327
0000328
0000330
0000331
0000332
0000334
0000335
0000338
0000341
0000342
0000345
0000347
0000350
0000351
0000352
0000353
0000354
0000355
0000360
0000361
0000364
0000365
0000367
0000368
0000369
0000373
0000375
0000377
0000378
0000379
0000380
0000382
0000383
0000385
0000386
0000388
0000389
0000390
0000392
0000393
0000394
0000395
0000399
0000401
0000402
0000403
0000404
0000405
0000408
0000411
0000412
0000413
0000416
0000417
0000418
0000421
0000425
0000426
0000429
0000431
0000432
0000433
0000435
0000437
0000438
0000440
0000442
0000443
0000445
0000446
0000449
0000451
0000456
0000457
0000458
0000461
0000463
0000464
0000465
0000467
0000468
0000471
0000473
0000476
0000477
0000478
0000479
0000480
0000482
0000483
0000487
0000489
0000491
0000492
0000494
0000496
0000497
0000498
0000500
0000501
0000503
0000504
0000507
0000509
0000511
0000513
0000515
0000517
0000519
0000521
0000524
0000526
0000527
0000528
0000529
0000530
0000532
0000533
0000535
0000537
0000540
0000542
0000543
0000544
0000545
0000547
0000548
0000549
0000552
0000555
0000557
0000558
0000561
0000562
0000563
0000564
0000567
0000568
0000569
0000570
0000571
0000572
0000573
0000574
0000575
0000576
0000577
0000578
0000579
0000582
0000583
0000584
0000585
0000586
0000587
0000589
0000591
0000592
0000593
0000594
0000595
0000599
0000600
0000603
0000610
0000611
0000612
0000613
0000615
0000616
0000619
0000620
0000621
0000623
0000624
0000627
0000633
0000635
0000636
0000640
0000641
0000643
0000648
0000650
0000652
0000654
0000656
0000658
0000661
0000662
0000663
0000664
0000666
0000669
0000671
0000673
0000674
0000678
0000679
0000680
0000681
0000682
0000683
0000686
0000688
0000689
0000691
0000692
0000697
0000698
0000699
0000700
0000704
0000705
0000707
0000708
0000709
0000713
0000714
0000716
0000717
0000718
0000720
0000723
0000724
0000725
0000726
0000728
0000729
0000730
0000733
0000735
0000736
0000738
0000740
0000741
0000743
0000746
0000748
0000752
0000754
0000755
0000756
0000758
0000759
0000760
0000761
0000766
0000767
0000768
0000769
0000770
0000772
0000773
0000775
0000776
0000777
0000778
0000782
0000783
0000784
0000785
0000786
0000787
0000788
0000790
0000791
0000794
0000795
0000796
0000797
0000798
0000801
0000802
0000804
0000805
0000806
0000808
0000809
0000810
0000812
0000813
0000814
0000816
0000817
0000818
0000819
0000824
0000825
0000827
0000829
0000830
0000831
0000834
0000835
0000836
0000843
0000844
0000848
0000850
0000851
0000852
0000854
0000855
0000857
0000859
0000860
0000861
0000862
0000863
0000864
0000865
0000866
0000868
0000870
0000871
0000873
0000874
0000875
0000877
0000881
0000882
0000883
0000884
0000885
0000886
0000889
0000890
0000891
0000892
0000896
0000898
0000899
0000901
0000902
0000903
0000904
0000905
0000906
0000907
0000909
0000911
0000912
0000913
0000914
0000915
0000917
0000918
0000920
0000921
0000925
0000926
0000928
0000930
0000937
0000938
0000939
0000940
0000941
0000944
0000945
0000946
0000947
0000948
0000951
0000953
0000954
0000955
0000956
0000957
0000959
0000962
0000963
0000966
0000969
0000970
0000972
0000974
0000975
0000976
0000979
0000980
0000981
0000983
0000984
0000985
0000988
0000989
0000990
0000991
0000995
0000997
0000999
0001000
0001001
0001002
0001005
0001006
0001007
0001009
0001010
0001011
0001012
0001013
0001014
0001015
0001016
0001018
0001022
0001023
0001024
0001027
0001028
0001029
0001030
0001031
0001032
0001033
0001036
0001037
0001038
0001042
0001044
0001045
0001047
0001048
0001050
0001053
0001055
0001059
0001060
0001061
0001062
0001064
0001065
0001066
0001067
0001068
0001072
0001074
0001075
0001077
0001078
0001079
0001083
0001086
0001088
0001091
0001093
0001095
0001096
0001100
0001101
0001102
0001103
0001105
0001106
0001107
0001108
0001112
0001114
0001116
0001117
0001119
0001120
0001125
0001128
0001130
0001132
0001134
0001135
0001138
0001141
0001142
0001144
0001148
0001150
0001152
0001153
0001155
0001156
0001157
0001159
0001161
0001162
0001165
0001167
0001168
0001171
0001172
0001174
0001175
0001177
0001178
0001179
0001180
0001183
0001184
0001185
0001186
0001187
0001189
0001190
0001191
0001192
0001194
0001197
0001201
0001202
0001203
0001205
0001206
0001208
0001211
0001212
0001214
0001215
0001216
0001217
0001218
0001221
0001223
0001226
0001228
0001230
0001238
0001239
0001241
0001242
0001243
0001244
0001246
0001247
0001249
0001251
0001255
0001257
0001258
0001259
0001260
0001261
0001264
0001265
0001266
0001267
0001268
0001271
0001273
0001275
0001276
0001277
0001278
0001279
0001280
0001281
0001282
0001283
0001284
0001285
0001286
0001287
0001292
0001295
0001296
0001297
0001298
0001299
0001301
0001303
0001304
0001306
0001309
0001314
0001316
0001318
0001319
0001321
0001322
0001324
0001325
0001328
0001332
0001333
0001334
0001335
0001336
0001337
0001338
0001339
0001340
0001345
0001349
0001350
0001351
0001352
0001353
0001354
0001357
0001358
0001360
0001361
0001363
0001364
0001368
0001371
0001372
0001373
0001374
0001376
0001380
0001382
0001383
0001384
0001385
0001387
0001390
0001391
0001392
0001393
0001394
0001397
0001399
0001400
0001401
0001404
0001405
0001406
0001408
0001409
0001410
0001411
0001412
0001416
0001417
0001420
0001422
0001423
0001425
0001427
0001428
0001430
0001431
0001432
0001433
0001435
0001436
0001441
0001443
0001444
0001445
0001446
0001447
0001448
0001449
0001450
0001452
0001453
0001454
0001456
0001457
0001458
0001459
0001460
0001461
0001463
0001464
0001465
0001466
0001467
0001470
0001471
0001472
0001475
0001477
0001482
0001483
0001484
0001485
0001486
0001487
0001488
0001491
0001492
0001495
0001497
0001498
0001500
0001502
0001504
0001505
0001508
0001509
0001510
0001514
0001515
0001516
0001517
0001518
0001520
0001522
0001523
0001529
0001533
0001536
0001537
0001538
0001539
0001540
0001543
0001546
0001547
0001548
0001549
0001550
0001551
0001552
0001553
0001554
0001558
0001559
0001561
0001563
0001564
0001566
0001567
0001568
0001569
0001570
0001571
0001573
0001574
0001576
0001577
0001578
0001580
0001581
0001583
0001585
0001586
0001587
0001590
0001593
0001595
0001596
0001597
0001599
0001600
0001602
0001603
0001605
0001606
0001609
0001610
0001611
0001613
0001615
0001617
0001618
0001619
0001620
0001621
0001623
0001626
0001628
0001629
0001631
0001632
0001637
0001640
0001641
0001642
0001643
0001648
0001649
0001650
0001652
0001653
0001658
0001659
0001660
0001661
0001662
0001663
0001666
0001667
0001668
0001672
0001673
0001676
0001677
0001678
0001681
0001686
0001687
0001689
0001690
0001691
0001693
0001696
0001699
0001700
0001701
0001702
0001703
0001704
0001705
0001706
0001707
0001708
0001709
0001710
0001712
0001714
0001715
0001716
0001718
0001720
0001721
0001722
0001723
0001724
0001725
0001727
0001728
0001732
0001733
0001734
0001736
0001737
0001738
0001739
0001740
0001741
0001742
0001744
0001749
0001750
0001751
0001755
0001756
0001758
0001760
0001761
0001763
0001764
0001769
0001770
0001772
0001774
0001778
0001780
0001781
0001782
0001783
0001787
0001788
0001792
0001793
0001794
0001797
0001798
0001799
0001800
0001802
0001803
0001804
0001805
0001807
0001808
0001811
0001813
0001814
0001816
0001817
0001819
0001820
0001821
0001822
0001823
0001825
0001826
0001828
0001829
0001830
0001831
0001833
0001834
0001835
0001837
0001838
0001840
0001843
0001844
0001845
0001849
0001851
0001853
0001854
0001856
0001857
0001859
0001860
0001861
0001863
0001865
0001866
0001867
0001870
0001871
0001872
0001873
0001877
0001878
0001879
0001883
0001887
0001888
0001890
0001892
0001893
0001896
0001897
0001898
0001900
0001903
0001904
0001905
0001906
0001908
0001909
0001910
0001912
0001913
0001914
0001915
0001917
0001920
0001921
0001922
0001923
0001925
0001926
0001927
0001928
0001930
0001932
0001934
0001936
0001937
0001938
0001942
0001943
0001944
0001947
0001948
0001949
0001950
0001951
0001952
0001955
0001956
0001957
0001961
0001962
0001963
0001965
0001966
0001967
0001968
0001973
0001977
0001978
0001979
0001990
0001991
0001994
0001995
0001996
0001997
0001999
0002000
0002003
0002005
0002007
0002008
0002009
0002010
0002011
0002012
0002014
0002015
0002016
0002017
0002021
0002022
0002023
0002025
0002026
0002028
0002031
0002034
0002035
0002036
0002038
0002039
0002040
0002042
0002043
0002046
0002047
0002049
0002050
0002053
0002054
0002055
0002056
0002057
0002058
0002059
0002062
0002065
0002066
0002070
0002071
0002072
0002074
0002078
0002079
0002080
0002081
0002082
0002083
0002086
0002087
0002090
0002092
0002094
0002095
0002097
0002098
0002099
0002101
0002102
0002104
0002105
0002106
0002109
0002110
0002111
0002112
0002113
0002114
0002115
0002116
0002117
0002118
0002120
0002121
0002122
0002124
0002125
0002126
0002127
0002128
0002130
0002133
0002134
0002135
0002137
0002138
0002139
0002140
0002141
0002145
0002148
0002150
0002151
0002155
0002156
0002157
0002158
0002160
0002161
0002162
0002163
0002164
0002169
0002171
0002172
0002173
0002174
0002176
0002177
0002178
0002179
0002180
0002181
0002182
0002183
0002185
0002186
0002188
0002192
0002193
0002196
0002197
0002203
0002204
0002205
0002206
0002207
0002208
0002210
0002211
0002212
0002213
0002214
0002215
0002216
0002217
0002218
0002219
0002224
0002226
0002227
0002230
0002231
0002232
0002233
0002241
0002242
0002243
0002245
0002246
0002247
0002252
0002253
0002255
0002256
0002257
0002259
0002261
0002262
0002263
0002264
0002265
0002269
0002270
0002272
0002274
0002275
0002276
0002277
0002278
0002281
0002282
0002284
0002288
0002289
0002292
0002293
0002294
0002295
0002297
0002298
0002299
0002300
0002301
0002303
0002305
0002307
0002309
0002310
0002311
0002312
0002313
0002314
0002315
0002316
0002319
0002321
0002322
0002325
0002328
0002329
0002332
0002333
0002336
0002337
0002341
0002342
0002345
0002349
0002352
0002354
0002355
0002358
0002359
0002362
0002363
0002365
0002368
0002373
0002374
0002375
0002376
0002380
0002381
0002382
0002383
0002384
0002388
0002389
0002391
0002393
0002394
0002395
0002396
0002398
0002399
0002400
0002401
0002402
0002404
0002405
0002407
0002408
0002409
0002410
0002411
0002412
0002413
0002415
0002422
0002424
0002425
0002427
0002428
0002429
0002431
0002432
0002433
0002435
0002437
0002439
0002440
0002443
0002446
0002447
0002448
0002449
0002450
0002452
0002453
0002454
0002458
0002460
0002462
0002464
0002465
0002468
0002470
0002475
0002476
0002477
0002478
0002479
0002481
0002482
0002484
0002486
0002487
0002488
0002489
0002490
0002493
0002494
0002497
0002498
0002499
0002505
0002507
0002508
0002509
0002511
0002512
0002514
0002515
0002516
0002517
0002518
0002519
0002521
0002523
0002528
0002534
0002537
0002539
0002543
0002544
0002545
0002548
0002549
0002550
0002551
0002553
0002554
0002556
0002557
0002558
0002559
0002562
0002568
0002571
0002572
0002574
0002578
0002580
0002581
0002582
0002583
0002586
0002587
0002590
0002593
0002595
0002596
0002598
0002599
0002600
0002601
0002602
0002603
0002604
0002605
0002606
0002613
0002616
0002617
0002619
0002620
0002622
0002624
0002625
0002627
0002628
0002629
0002630
0002632
0002635
0002636
0002637
0002639
0002640
0002641
0002642
0002645
0002648
0002649
0002652
0002653
0002654
0002655
0002656
0002658
0002659
0002661
0002663
0002665
0002666
0002667
0002668
0002671
0002672
0002674
0002675
0002678
0002679
0002680
0002684
0002685
0002688
0002689
0002691
0002692
0002693
0002694
0002696
0002698
0002701
0002703
0002706
0002707
0002709
0002710
0002712
0002714
0002715
0002720
0002722
0002726
0002729
0002731
0002732
0002733
0002734
0002735
0002736
0002737
0002738
0002739
0002740
0002743
0002745
0002747
0002748
0002750
0002751
0002752
0002753
0002754
0002756
0002757
0002759
0002760
0002762
0002763
0002764
0002767
0002768
0002769
0002770
0002772
0002774
0002775
0002776
0002778
0002779
0002782
0002783
0002784
0002787
0002788
0002789
0002791
0002793
0002794
0002795
0002796
0002797
0002798
0002800
0002801
0002802
0002805
0002806
0002807
0002808
0002809
0002811
0002812
0002816
0002817
0002818
0002819
0002820
0002823
0002826
0002828
0002830
0002831
0002832
0002836
0002838
0002839
0002841
0002842
0002843
0002844
0002845
0002849
0002852
0002856
0002859
0002860
0002861
0002864
0002866
0002867
0002869
0002871
0002874
0002875
0002878
0002880
0002882
0002884
0002887
0002889
0002891
0002892
0002893
0002894
0002895
0002896
0002897
0002898
0002904
0002905
0002906
0002907
0002909
0002910
0002911
0002912
0002913
0002915
0002916
0002917
0002918
0002919
0002920
0002921
0002922
0002923
0002926
0002928
0002929
0002930
0002931
0002932
0002933
0002935
0002936
0002937
0002940
0002942
0002944
0002947
0002949
0002951
0002953
0002957
0002959
0002960
0002962
0002965
0002967
0002968
0002971
0002974
0002975
0002978
0002980
0002982
0002983
0002985
0002986
0002987
0002988
0002989
0002991
0002992
0002994
0002998
0002999
0003001
0003002
0003003
0003004
0003007
0003008
0003015
0003016
0003018
0003019
0003021
0003024
0003025
0003026
0003027
0003028
0003029
0003030
0003032
0003034
0003037
0003041
0003042
0003043
0003045
0003048
0003049
0003050
0003051
0003052
0003053
0003055
0003059
0003061
0003062
0003065
0003066
0003068
0003069
0003070
0003072
0003074
0003076
0003078
0003079
0003081
0003082
0003084
0003087
0003091
0003093
0003094
0003095
0003096
0003097
0003098
0003099
0003100
0003101
0003102
0003103
0003104
0003105
0003108
0003117
0003120
0003121
0003123
0003124
0003125
0003126
0003127
0003129
0003131
0003132
0003134
0003137
0003140
0003141
0003147
0003148
0003151
0003152
0003153
0003154
0003156
0003157
0003158
0003159
0003160
0003162
0003165
0003171
0003172
0003174
0003175
0003177
0003178
0003179
0003184
0003186
0003188
0003189
0003190
0003192
0003193
0003194
0003195
0003196
0003197
0003199
0003201
0003202
0003203
0003205
0003206
0003207
0003208
0003211
0003212
0003213
0003214
0003216
0003220
0003222
0003223
0003224
0003225
0003227
0003229
0003230
0003231
0003233
0003234
0003235
0003236
0003238
0003239
0003244
0003245
0003248
0003250
0003253
0003254
0003255
0003256
0003259
0003264
0003265
0003267
0003268
0003270
0003271
0003272
0003274
0003275
0003277
0003278
0003279
0003282
0003284
0003285
0003286
0003287
0003290
0003291
0003292
0003293
0003294
0003296
0003297
0003298
0003299
0003301
0003302
0003304
0003305
0003306
0003307
0003308
0003309
0003310
0003311
0003312
0003314
0003315
0003316
0003317
0003319
0003322
0003323
0003324
0003325
0003328
0003329
0003330
0003331
0003332
0003334
0003336
0003337
0003338
0003339
0003340
0003341
0003343
0003345
0003347
0003350
0003352
0003353
0003355
0003356
0003357
0003358
0003359
0003360
0003363
0003364
0003366
0003367
0003368
0003370
0003373
0003374
0003375
0003376
0003377
0003379
0003381
0003383
0003384
0003386
0003391
0003395
0003396
0003397
0003399
0003400
0003401
0003402
0003405
0003408
0003409
0003411
0003413
0003414
0003415
0003416
0003417
0003418
0003419
0003422
0003424
0003427
0003428
0003431
0003433
0003435
0003436
0003437
0003438
0003440
0003442
0003444
0003445
0003446
0003448
0003451
0003452
0003453
0003454
0003455
0003458
0003460
0003461
0003462
0003463
0003464
0003471
0003472
0003476
0003478
0003479
0003480
0003481
0003484
0003486
0003487
0003488
0003489
0003491
0003493
0003494
0003495
0003496
0003497
0003498
0003500
0003506
0003508
0003509
0003511
0003512
0003513
0003514
0003515
0003520
0003523
0003525
0003528
0003529
0003531
0003532
0003533
0003534
0003535
0003536
0003539
0003541
0003542
0003543
0003546
0003547
0003548
0003549
0003550
0003551
0003552
0003553
0003555
0003556
0003557
0003558
0003561
0003562
0003564
0003565
0003567
0003568
0003570
0003572
0003574
0003575
0003576
0003578
0003581
0003584
0003587
0003590
0003592
0003594
0003597
0003600
0003603
0003604
0003607
0003610
0003614
0003616
0003617
0003618
0003620
0003625
0003627
0003628
0003631
0003632
0003633
0003634
0003635
0003637
0003639
0003640
0003641
0003642
0003647
0003648
0003650
0003653
0003654
0003656
0003658
0003660
0003661
0003663
0003664
0003665
0003666
0003667
0003668
0003669
0003670
0003671
0003672
0003675
0003679
0003687
0003688
0003691
0003692
0003693
0003698
0003699
0003700
0003701
0003704
0003707
0003708
0003709
0003710
0003711
0003712
0003713
0003717
0003718
0003719
0003720
0003721
0003723
0003725
0003726
0003729
0003731
0003732
0003734
0003736
0003737
0003738
0003740
0003741
0003747
0003751
0003753
0003754
0003756
0003757
0003758
0003761
0003762
0003763
0003767
0003768
0003771
0003772
0003774
0003776
0003778
0003779
0003780
0003783
0003784
0003786
0003789
0003791
0003794
0003795
0003796
0003797
0003798
0003799
0003801
0003802
0003803
0003805
0003807
0003808
0003809
0003810
0003813
0003815
0003818
0003820
0003822
0003823
0003825
0003827
0003829
0003831
0003832
0003833
0003835
0003836
0003837
0003838
0003839
0003840
0003843
0003844
0003845
0003847
0003849
0003850
0003852
0003854
0003856
0003859
0003860
0003861
0003862
0003864
0003865
0003866
0003871
0003873
0003874
0003875
0003876
0003877
0003881
0003882
0003883
0003884
0003885
0003888
0003889
0003891
0003892
0003893
0003894
0003897
0003901
0003902
0003903
0003904
0003905
0003907
0003909
0003914
0003915
0003916
0003922
0003926
0003928
0003931
0003932
0003933
0003934
0003938
0003939
0003940
0003941
0003942
0003943
0003944
0003947
0003948
0003949
0003950
0003951
0003952
0003953
0003955
0003957
0003959
0003960
0003961
0003962
0003963
0003964
0003965
0003967
0003968
0003970
0003971
0003972
0003973
0003974
0003976
0003977
0003979
0003980
0003982
0003984
0003985
0003987
0003988
0003989
0003991
0003992
0003994
0003999
0004001
0004006
0004007
0004008
0004013
0004014
0004015
0004016
0004017
0004020
0004021
0004024
0004025
0004026
0004027
0004029
0004030
0004031
0004032
0004034
0004035
0004036
0004037
0004038
0004041
0004042
0004043
0004044
0004045
0004048
0004049
0004053
0004055
0004056
0004059
0004062
0004063
0004067
0004068
0004069
0004070
0004071
0004072
0004076
0004077
0004078
0004080
0004083
0004084
0004086
0004087
0004089
0004091
0004093
0004095
0004100
0004101
0004103
0004105
0004108
0004109
0004111
0004113
0004115
0004120
0004121
0004122
0004123
0004124
0004125
0004126
0004128
0004129
0004131
0004132
0004134
0004137
0004138
0004139
0004141
0004143
0004144
0004145
0004146
0004147
0004148
0004149
0004151
0004152
0004154
0004157
0004159
0004160
0004162
0004163
0004164
0004166
0004168
0004169
0004171
0004172
0004178
0004179
0004182
0004185
0004186
0004187
0004189
0004190
0004191
0004192
0004193
0004194
0004195
0004196
0004199
0004201
0004202
0004206
0004207
0004208
0004209
0004211
0004212
0004213
0004215
0004217
0004219
0004220
0004224
0004225
0004228
0004229
0004230
0004231
0004233
0004234
0004235
0004236
0004239
0004240
0004242
0004243
0004245
0004247
0004248
0004251
0004252
0004256
0004257
0004258
0004259
0004260
0004261
0004263
0004264
0004265
0004266
0004267
0004269
0004271
0004273
0004274
0004275
0004276
0004277
0004278
0004280
0004281
0004283
0004285
0004286
0004287
0004289
0004290
0004297
0004298
0004299
0004300
0004301
0004302
0004303
0004305
0004307
0004308
0004310
0004311
0004314
0004317
0004318
0004319
0004321
0004322
0004324
0004328
0004329
0004330
0004331
0004338
0004340
0004343
0004344
0004348
0004353
0004354
0004355
0004356
0004358
0004361
0004363
0004364
0004365
0004366
0004368
0004369
0004372
0004373
0004376
0004379
0004380
0004382
0004384
0004385
0004389
0004390
0004392
0004393
0004399
0004400
0004405
0004407
0004408
0004409
0004410
0004411
0004414
0004416
0004418
0004419
0004420
0004423
0004424
0004426
0004427
0004429
0004430
0004431
0004432
0004434
0004435
0004436
0004437
0004439
0004442
0004443
0004444
0004445
0004446
0004447
0004452
0004454
0004455
0004456
0004458
0004459
0004461
0004463
0004464
0004466
0004467
0004470
0004473
0004474
0004476
0004478
0004480
0004481
0004482
0004484
0004485
0004487
0004488
0004489
0004490
0004491
0004492
0004493
0004496
0004498
0004500
0004501
0004502
0004507
0004509
0004511
0004513
0004514
0004515
0004517
0004518
0004523
0004524
0004525
0004528
0004529
0004531
0004534
0004535
0004536
0004537
0004541
0004546
0004547
0004548
0004549
0004550
0004551
0004555
0004556
0004559
0004561
0004566
0004567
0004568
0004572
0004574
0004575
0004576
0004579
0004580
0004582
0004584
0004585
0004587
0004588
0004589
0004590
0004592
0004593
0004595
0004596
0004597
0004598
0004599
0004603
0004605
0004606
0004609
0004610
0004612
0004615
0004620
0004622
0004623
0004625
0004626
0004627
0004629
0004630
0004638
0004639
0004640
0004641
0004644
0004645
0004647
0004648
0004650
0004653
0004654
0004655
0004657
0004659
0004660
0004661
0004662
0004663
0004664
0004665
0004666
0004668
0004675
0004676
0004677
0004678
0004679
0004680
0004682
0004684
0004687
0004692
0004694
0004695
0004696
0004698
0004699
0004702
0004704
0004705
0004706
0004707
0004711
0004713
0004714
0004715
0004718
0004721
0004725
0004726
0004727
0004733
0004735
0004736
0004739
0004740
0004742
0004743
0004745
0004746
0004748
0004749
0004750
0004751
0004752
0004753
0004757
0004758
0004759
0004760
0004761
0004762
0004763
0004764
0004765
0004768
0004770
0004772
0004774
0004775
0004776
0004779
0004782
0004783
0004785
0004787
0004788
0004789
0004790
0004791
0004792
0004793
0004794
0004795
0004796
0004797
0004798
0004800
0004801
0004802
0004805
0004809
0004810
0004812
0004814
0004817
0004818
0004819
0004822
0004823
0004825
0004826
0004827
0004828
0004830
0004832
0004833
0004836
0004838
0004839
0004840
0004841
0004842
0004843
0004845
0004849
0004850
0004852
0004854
0004855
0004856
0004857
0004859
0004860
0004862
0004867
0004868
0004870
0004872
0004873
0004875
0004876
0004877
0004878
0004881
0004882
0004883
0004886
0004887
0004893
0004895
0004896
0004900
0004902
0004903
0004904
0004907
0004908
0004910
0004911
0004912
0004913
0004914
0004916
0004917
0004918
0004919
0004921
0004922
0004924
0004925
0004926
0004927
0004928
0004929
0004931
0004932
0004933
0004938
0004940
0004942
0004943
0004944
0004945
0004946
0004947
0004948
0004950
0004954
0004958
0004959
0004960
0004961
0004963
0004964
0004965
0004967
0004968
0004970
0004972
0004974
0004975
0004976
0004979
0004980
0004981
0004983
0004984
0004985
0004988
0004989
0004990
0004991
0004992
0004993
0004994
0004996
0004998
0005002
0005006
0005008
0005010
0005011
0005014
0005017
0005018
0005020
0005021
0005024
0005025
0005026
0005027
0005029
0005031
0005032
0005034
0005042
0005044
0005045
0005048
0005049
0005052
0005053
0005054
0005055
0005056
0005058
0005059
0005060
0005064
0005065
0005066
0005068
0005069
0005070
0005071
0005072
0005073
0005075
0005078
0005079
0005081
0005082
0005083
0005084
0005086
0005087
0005088
0005089
0005090
0005092
0005093
0005094
0005095
0005097
0005098
0005099
0005100
0005101
0005103
0005104
0005106
0005108
0005109
0005110
0005112
0005113
0005114
0005118
0005121
0005122
0005123
0005125
0005126
0005127
0005130
0005131
0005132
0005133
0005134
0005135
0005136
0005141
0005142
0005148
0005150
0005151
0005156
0005157
0005159
0005160
0005161
0005162
0005163
0005164
0005165
0005167
0005170
0005171
0005173
0005174
0005177
0005178
0005179
0005181
0005182
0005185
0005186
0005189
0005191
0005193
0005195
0005197
0005199
0005201
0005203
0005205
0005208
0005209
0005210
0005211
0005212
0005214
0005215
0005217
0005218
0005219
0005220
0005221
0005223
0005225
0005228
0005229
0005230
0005231
0005233
0005236
0005237
0005239
0005240
0005242
0005243
0005245
0005248
0005249
0005251
0005259
0005261
0005263
0005264
0005266
0005273
0005274
0005275
0005276
0005278
0005282
0005286
0005288
0005289
0005290
0005294
0005295
0005301
0005303
0005305
0005306
0005307
0005309
0005311
0005312
0005316
0005317
0005318
0005319
0005320
0005322
0005326
0005328
0005330
0005331
0005332
0005335
0005336
0005337
0005338
0005340
0005341
0005342
0005345
0005346
0005347
0005350
0005351
0005356
0005357
0005358
0005360
0005361
0005364
0005365
0005366
0005367
0005368
0005372
0005375
0005376
0005377
0005379
0005380
0005381
0005385
0005386
0005388
0005389
0005392
0005394
0005397
0005398
0005399
0005401
0005402
0005404
0005405
0005406
0005407
0005410
0005411
0005415
0005416
0005417
0005418
0005420
0005423
0005426
0005427
0005428
0005429
0005430
0005431
0005432
0005433
0005434
0005435
0005437
0005438
0005441
0005444
0005447
0005448
0005449
0005450
0005451
0005452
0005453
0005454
0005455
0005457
0005458
0005459
0005461
0005463
0005466
0005467
0005468
0005469
0005471
0005473
0005475
0005476
0005477
0005478
0005479
0005480
0005481
0005483
0005484
0005485
0005486
0005488
0005490
0005493
0005495
0005496
0005497
0005501
0005503
0005504
0005506
0005508
0005510
0005512
0005515
0005516
0005520
0005522
0005523
0005525
0005526
0005527
0005528
0005530
0005531
0005532
0005533
0005534
0005535
0005537
0005538
0005541
0005543
0005544
0005545
0005548
0005550
0005551
0005552
0005563
0005569
0005575
0005577
0005578
0005581
0005583
0005585
0005587
0005588
0005589
0005593
0005595
0005596
0005597
0005598
0005599
0005600
0005601
0005602
0005604
0005605
0005607
0005612
0005613
0005615
0005616
0005619
0005621
0005622
0005623
0005625
0005626
0005627
0005628
0005629
0005630
0005631
0005634
0005637
0005638
0005639
0005642
0005643
0005644
0005647
0005648
0005651
0005652
0005653
0005655
0005657
0005658
0005659
0005660
0005662
0005664
0005665
0005667
0005668
0005670
0005672
0005673
0005674
0005676
0005677
0005678
0005681
0005682
0005683
0005684
0005686
0005687
0005689
0005690
0005692
0005694
0005697
0005699
0005701
0005705
0005706
0005708
0005709
0005710
0005713
0005714
0005715
0005717
0005719
0005720
0005722
0005723
0005724
0005725
0005726
0005727
0005730
0005732
0005734
0005735
0005739
0005740
0005741
0005743
0005744
0005745
0005748
0005749
0005752
0005754
0005755
0005756
0005758
0005759
0005760
0005762
0005766
0005768
0005769
0005770
0005771
0005776
0005777
0005778
0005780
0005782
0005784
0005785
0005786
0005787
0005788
0005789
0005790
0005791
0005792
0005795
0005797
0005798
0005799
0005800
0005801
0005803
0005807
0005808
0005809
0005811
0005814
0005815
0005816
0005818
0005819
0005821
0005823
0005824
0005825
0005826
0005828
0005829
0005832
0005833
0005834
0005835
0005836
0005837
0005839
0005840
0005842
0005844
0005846
0005847
0005848
0005849
0005852
0005853
0005855
0005856
0005857
0005858
0005860
0005861
0005863
0005864
0005866
0005867
0005868
0005871
0005874
0005875
0005877
0005878
0005880
0005883
0005885
0005887
0005891
0005892
0005893
0005895
0005896
0005897
0005899
0005901
0005902
0005904
0005906
0005908
0005910
0005913
0005915
0005917
0005919
0005920
0005922
0005924
0005926
0005936
0005938
0005940
0005944
0005946
0005948
0005949
0005950
0005951
0005953
0005955
0005960
0005961
0005963
0005964
0005965
0005966
0005968
0005970
0005971
0005972
0005975
0005976
0005978
0005979
0005980
0005982
0005983
0005984
0005985
0005986
0005987
0005988
0005990
0005991
0005993
0005995
0005996
0005997
0005998
0005999
0006000
0006001
0006006
0006007
0006008
0006009
0006011
0006012
0006013
0006015
0006016
0006017
0006019
0006021
0006023
0006024
0006025
0006028
0006029
0006030
0006031
0006032
0006033
0006036
0006037
0006039
0006041
0006042
0006044
0006045
0006047
0006048
0006055
0006057
0006060
0006061
0006062
0006063
0006064
0006067
0006068
0006073
0006075
0006076
0006077
0006079
0006080
0006081
0006083
0006084
0006085
0006087
0006090
0006091
0006092
0006093
0006094
0006096
0006097
0006098
0006099
0006100
0006101
0006102
0006103
0006107
0006108
0006110
0006111
0006112
0006113
0006114
0006115
0006116
0006117
0006120
0006121
0006123
0006124
0006127
0006128
0006129
0006130
0006131
0006133
0006134
0006136
0006137
0006138
0006139
0006140
0006142
0006144
0006145
0006146
0006147
0006148
0006150
0006151
0006152
0006153
0006155
0006157
0006159
0006160
0006161
0006164
0006166
0006167
0006168
0006169
0006171
0006172
0006173
0006175
0006176
0006177
0006178
0006181
0006183
0006186
0006187
0006188
0006190
0006191
0006193
0006195
0006196
0006197
0006200
0006202
0006205
0006206
0006207
0006208
0006210
0006212
0006213
0006214
0006215
0006217
0006219
0006220
0006221
0006223
0006225
0006228
0006229
0006230
0006233
0006234
0006235
0006237
0006238
0006244
0006245
0006247
0006250
0006254
0006255
0006256
0006258
0006259
0006262
0006263
0006264
0006265
0006266
0006269
0006271
0006272
0006278
0006279
0006280
0006283
0006285
0006287
0006288
0006290
0006292
0006293
0006294
0006295
0006296
0006298
0006301
0006305
0006307
0006308
0006309
0006310
0006312
0006318
0006319
0006321
0006322
0006323
0006326
0006329
0006330
0006333
0006334
0006335
0006337
0006338
0006339
0006340
0006341
0006342
0006343
0006346
0006347
0006349
0006351
0006354
0006355
0006356
0006359
0006360
0006361
0006362
0006364
0006365
0006366
0006368
0006372
0006373
0006376
0006379
0006380
0006383
0006385
0006386
0006387
0006388
0006392
0006393
0006394
0006395
0006397
0006398
0006399
0006401
0006403
0006404
0006405
0006406
0006407
0006408
0006409
0006410
0006411
0006412
0006414
0006415
0006417
0006418
0006419
0006421
0006422
0006423
0006424
0006426
0006427
0006429
0006430
0006431
0006432
0006433
0006434
0006435
0006438
0006439
0006441
0006443
0006444
0006445
0006446
0006447
0006448
0006449
0006451
0006452
0006453
0006457
0006460
0006461
0006462
0006463
0006467
0006468
0006469
0006470
0006471
0006472
0006473
0006475
0006476
0006478
0006479
0006481
0006487
0006489
0006490
0006491
0006492
0006494
0006495
0006496
0006497
0006499
0006500
0006502
0006504
0006505
0006506
0006507
0006509
0006513
0006514
0006516
0006517
0006518
0006519
0006520
0006521
0006522
0006524
0006525
0006529
0006530
0006533
0006535
0006536
0006538
0006540
0006541
0006542
0006544
0006545
0006546
0006549
0006551
0006552
0006553
0006554
0006557
0006559
0006567
0006571
0006573
0006574
0006575
0006576
0006577
0006578
0006581
0006582
0006584
0006588
0006589
0006593
0006597
0006598
0006599
0006601
0006602
0006603
0006605
0006606
0006607
0006608
0006611
0006612
0006614
0006616
0006617
0006618
0006619
0006620
0006621
0006623
0006626
0006628
0006629
0006630
0006632
0006633
0006635
0006636
0006637
0006638
0006640
0006641
0006642
0006644
0006646
0006648
0006649
0006650
0006652
0006654
0006655
0006659
0006660
0006662
0006663
0006665
0006670
0006671
0006675
0006677
0006680
0006681
0006683
0006685
0006692
0006694
0006695
0006696
0006697
0006698
0006699
0006700
0006701
0006703
0006705
0006706
0006707
0006709
0006710
0006711
0006712
0006713
0006714
0006715
0006716
0006718
0006719
0006720
0006721
0006722
0006723
0006724
0006725
0006726
0006727
0006728
0006729
0006732
0006733
0006734
0006737
0006739
0006742
0006743
0006746
0006747
0006748
0006749
0006750
0006752
0006753
0006754
0006756
0006757
0006759
0006761
0006762
0006764
0006765
0006766
0006767
0006768
0006769
0006772
0006777
0006778
0006780
0006781
0006783
0006784
0006786
0006787
0006788
0006792
0006793
0006795
0006799
0006800
0006801
0006803
0006806
0006809
0006814
0006816
0006819
0006820
0006821
0006822
0006823
0006824
0006825
0006827
0006828
0006829
0006830
0006831
0006832
0006833
0006834
0006835
0006836
0006837
0006839
0006842
0006843
0006844
0006845
0006846
0006847
0006848
0006849
0006851
0006852
0006857
0006858
0006860
0006862
0006863
0006864
0006867
0006871
0006872
0006876
0006879
0006880
0006881
0006885
0006886
0006887
0006889
0006892
0006893
0006894
0006895
0006896
0006898
0006899
0006900
0006901
0006903
0006905
0006907
0006908
0006909
0006910
0006911
0006913
0006914
0006915
0006919
0006920
0006922
0006923
0006925
0006927
0006928
0006931
0006933
0006934
0006936
0006937
0006938
0006941
0006942
0006943
0006944
0006945
0006947
0006948
0006950
0006954
0006955
0006956
0006957
0006958
0006962
0006964
0006967
0006968
0006969
0006970
0006973
0006975
0006978
0006979
0006980
0006981
0006983
0006985
0006987
0006988
0006989
0006990
0006993
0006995
0006996
0006998
0006999
0007000
0007001
0007002
0007003
0007004
0007005
0007008
0007010
0007011
0007012
0007013
0007014
0007015
0007016
0007017
0007020
0007021
0007024
0007026
0007027
0007029
0007032
0007033
0007034
0007036
0007037
0007038
0007039
0007040
0007044
0007045
0007047
0007049
0007050
0007052
0007054
0007055
0007060
0007061
0007063
0007064
0007065
0007067
0007068
0007069
0007070
0007071
0007073
0007077
0007080
0007081
0007082
0007083
0007084
0007086
0007087
0007089
0007090
0007091
0007093
0007094
0007095
0007096
0007097
0007098
0007099
0007100
0007101
0007104
0007105
0007106
0007107
0007109
0007111
0007113
0007114
0007115
0007117
0007118
0007120
0007125
0007129
0007130
0007132
0007145
0007146
0007147
0007148
0007152
0007156
0007157
0007158
0007159
0007161
0007163
0007164
0007165
0007166
0007167
0007169
0007170
0007171
0007173
0007175
0007176
0007180
0007182
0007186
0007187
0007188
0007189
0007190
0007191
0007193
0007194
0007197
0007198
0007202
0007205
0007208
0007209
0007210
0007212
0007215
0007217
0007218
0007219
0007221
0007223
0007224
0007226
0007227
0007228
0007229
0007230
0007231
0007232
0007233
0007234
0007240
0007248
0007249
0007250
0007252
0007254
0007255
0007257
0007258
0007259
0007261
0007262
0007263
0007265
0007266
0007270
0007271
0007272
0007273
0007274
0007275
0007278
0007280
0007281
0007283
0007287
0007288
0007289
0007291
0007292
0007293
0007295
0007297
0007298
0007299
0007300
0007302
0007304
0007306
0007307
0007308
0007309
0007310
0007311
0007312
0007313
0007315
0007320
0007321
0007322
0007323
0007325
0007326
0007327
0007329
0007335
0007336
0007337
0007338
0007340
0007341
0007343
0007345
0007346
0007347
0007348
0007349
0007351
0007352
0007353
0007354
0007356
0007357
0007358
0007360
0007362
0007363
0007364
0007366
0007367
0007368
0007369
0007370
0007372
0007374
0007375
0007376
0007377
0007379
0007380
0007382
0007383
0007384
0007386
0007387
0007388
0007389
0007390
0007392
0007395
0007396
0007399
0007400
0007401
0007402
0007403
0007406
0007407
0007409
0007410
0007411
0007412
0007413
0007415
0007418
0007419
0007422
0007425
0007427
0007435
0007436
0007437
0007439
0007440
0007441
0007442
0007443
0007444
0007445
0007447
0007452
0007456
0007457
0007459
0007462
0007464
0007465
0007466
0007468
0007469
0007471
0007472
0007473
0007475
0007479
0007480
0007481
0007482
0007485
0007487
0007488
0007490
0007493
0007494
0007496
0007497
0007499
0007500
0007501
0007502
0007503
0007505
0007506
0007507
0007510
0007511
0007512
0007513
0007514
0007516
0007518
0007520
0007521
0007522
0007523
0007526
0007528
0007530
0007531
0007536
0007537
0007539
0007540
0007542
0007547
0007548
0007549
0007550
0007551
0007552
0007553
0007554
0007557
0007559
0007561
0007562
0007563
0007565
0007566
0007567
0007568
0007571
0007572
0007574
0007575
0007576
0007577
0007578
0007580
0007581
0007582
0007583
0007585
0007587
0007589
0007590
0007592
0007593
0007594
0007595
0007596
0007597
0007598
0007600
0007601
0007602
0007604
0007605
0007607
0007608
0007609
0007610
0007615
0007617
0007620
0007621
0007623
0007624
0007626
0007627
0007628
0007629
0007630
0007632
0007636
0007638
0007639
0007640
0007641
0007642
0007643
0007644
0007645
0007646
0007648
0007649
0007650
0007654
0007656
0007659
0007660
0007663
0007669
0007671
0007672
0007674
0007676
0007678
0007680
0007681
0007682
0007685
0007688
0007689
0007693
0007697
0007698
0007701
0007703
0007704
0007706
0007709
0007710
0007713
0007714
0007715
0007716
0007717
0007718
0007720
0007721
0007722
0007725
0007726
0007727
0007728
0007729
0007730
0007731
0007732
0007733
0007734
0007735
0007737
0007738
0007739
0007742
0007743
0007745
0007748
0007750
0007751
0007754
0007755
0007756
0007759
0007760
0007761
0007766
0007767
0007768
0007769
0007771
0007772
0007773
0007774
0007775
0007776
0007778
0007780
0007781
0007782
0007785
0007786
0007788
0007789
0007790
0007793
0007794
0007795
0007796
0007798
0007801
0007803
0007804
0007805
0007806
0007809
0007810
0007812
0007813
0007816
0007819
0007820
0007821
0007822
0007826
0007830
0007831
0007832
0007833
0007835
0007836
0007837
0007838
0007840
0007846
0007848
0007850
0007852
0007854
0007855
0007857
0007858
0007859
0007860
0007861
0007862
0007863
0007864
0007865
0007866
0007867
0007868
0007871
0007873
0007875
0007877
0007878
0007880
0007881
0007882
0007883
0007885
0007887
0007888
0007889
0007890
0007891
0007893
0007895
0007896
0007897
0007899
0007901
0007902
0007903
0007904
0007907
0007908
0007909
0007910
0007911
0007912
0007913
0007914
0007918
0007919
0007920
0007922
0007923
0007925
0007926
0007927
0007928
0007929
0007930
0007931
0007932
0007934
0007936
0007937
0007938
0007942
0007945
0007947
0007948
0007949
0007950
0007951
0007952
0007955
0007957
0007960
0007961
0007963
0007964
0007965
0007967
0007968
0007969
0007970
0007971
0007974
0007975
0007976
0007977
0007978
0007979
0007980
0007982
0007983
0007986
0007987
0007991
0007995
0007996
0007998
0008000
0008001
0008002
0008003
0008006
0008007
0008008
0008010
0008011
0008012
0008013
0008014
0008015
0008016
0008019
0008020
0008021
0008023
0008025
0008026
0008027
0008028
0008029
0008033
0008034
0008035
0008039
0008043
0008044
0008045
0008048
0008050
0008051
0008052
0008053
0008054
0008055
0008057
0008061
0008062
0008065
0008066
0008067
0008069
0008070
0008072
0008074
0008075
0008076
0008078
0008079
0008080
0008081
0008083
0008086
0008087
0008088
0008092
0008093
0008095
0008101
0008102
0008103
0008104
0008105
0008107
0008110
0008111
0008112
0008113
0008114
0008116
0008119
0008121
0008122
0008126
0008127
0008130
0008131
0008133
0008134
0008135
0008136
0008137
0008139
0008140
0008142
0008146
0008147
0008149
0008150
0008151
0008152
0008154
0008159
0008160
0008161
0008162
0008163
0008164
0008168
0008171
0008174
0008175
0008177
0008178
0008180
0008181
0008182
0008185
0008186
0008188
0008189
0008192
0008193
0008194
0008195
0008197
0008198
0008200
0008202
0008205
0008207
0008209
0008210
0008211
0008215
0008219
0008222
0008227
0008231
0008232
0008234
0008235
0008236
0008237
0008239
0008240
0008242
0008244
0008246
0008248
0008249
0008250
0008251
0008255
0008256
0008257
0008258
0008260
0008262
0008265
0008266
0008267
0008268
0008269
0008271
0008272
0008273
0008274
0008276
0008278
0008284
0008285
0008286
0008287
0008290
0008291
0008292
0008293
0008294
0008296
0008297
0008298
0008299
0008300
0008302
0008303
0008304
0008305
0008309
0008310
0008312
0008313
0008315
0008316
0008321
0008322
0008323
0008324
0008325
0008326
0008328
0008330
0008331
0008332
0008333
0008335
0008338
0008340
0008342
0008344
0008345
0008347
0008349
0008351
0008353
0008354
0008356
0008357
0008358
0008359
0008361
0008362
0008363
0008365
0008366
0008367
0008368
0008369
0008370
0008372
0008373
0008374
0008376
0008377
0008378
0008381
0008382
0008383
0008384
0008385
0008387
0008388
0008389
0008390
0008391
0008393
0008395
0008396
0008398
0008401
0008402
0008403
0008404
0008406
0008407
0008410
0008411
0008412
0008413
0008414
0008415
0008416
0008418
0008419
0008420
0008421
0008422
0008424
0008425
0008426
0008427
0008428
0008429
0008430
0008432
0008433
0008434
0008435
0008436
0008438
0008443
0008444
0008447
0008449
0008450
0008452
0008453
0008455
0008457
0008458
0008459
0008461
0008466
0008467
0008468
0008470
0008471
0008472
0008476
0008477
0008480
0008482
0008483
0008485
0008487
0008488
0008489
0008490
0008491
0008492
0008495
0008496
0008498
0008501
0008503
0008505
0008508
0008509
0008510
0008511
0008512
0008515
0008517
0008519
0008521
0008522
0008525
0008527
0008528
0008529
0008530
0008533
0008535
0008536
0008537
0008541
0008543
0008544
0008545
0008546
0008547
0008550
0008551
0008552
0008558
0008560
0008562
0008564
0008567
0008569
0008571
0008572
0008573
0008574
0008576
0008577
0008578
0008579
0008581
0008582
0008583
0008584
0008586
0008588
0008589
0008590
0008593
0008596
0008597
0008598
0008599
0008600
0008601
0008602
0008603
0008604
0008605
0008607
0008608
0008611
0008612
0008613
0008614
0008615
0008616
0008619
0008620
0008621
0008623
0008624
0008625
0008626
0008628
0008629
0008630
0008632
0008633
0008635
0008637
0008638
0008639
0008640
0008642
0008644
0008646
0008649
0008650
0008651
0008654
0008655
0008657
0008658
0008659
0008660
0008661
0008662
0008664
0008665
0008667
0008670
0008671
0008673
0008674
0008675
0008678
0008679
0008680
0008681
0008682
0008684
0008685
0008686
0008687
0008688
0008690
0008691
0008693
0008694
0008695
0008696
0008697
0008699
0008700
0008703
0008704
0008705
0008706
0008707
0008709
0008710
0008712
0008713
0008714
0008716
0008717
0008718
0008719
0008720
0008721
0008723
0008724
0008725
0008726
0008729
0008732
0008733
0008735
0008736
0008737
0008738
0008739
0008744
0008745
0008748
0008750
0008753
0008754
0008755
0008756
0008757
0008759
0008760
0008761
0008762
0008767
0008768
0008769
0008770
0008771
0008772
0008774
0008775
0008776
0008778
0008779
0008780
0008781
0008782
0008783
0008784
0008787
0008788
0008789
0008791
0008793
0008795
0008798
0008799
0008801
0008802
0008803
0008804
0008805
0008806
0008807
0008809
0008813
0008814
0008815
0008817
0008822
0008823
0008824
0008825
0008826
0008828
0008829
0008831
0008833
0008839
0008840
0008841
0008842
0008843
0008844
0008845
0008846
0008848
0008850
0008852
0008854
0008855
0008857
0008860
0008863
0008866
0008867
0008870
0008872
0008873
0008874
0008875
0008879
0008880
0008881
0008885
0008886
0008887
0008889
0008890
0008892
0008894
0008896
0008897
0008898
0008899
0008901
0008902
0008904
0008905
0008907
0008908
0008909
0008913
0008915
0008916
0008917
0008918
0008919
0008922
0008923
0008925
0008926
0008927
0008931
0008932
0008933
0008936
0008937
0008940
0008941
0008943
0008944
0008947
0008948
0008950
0008951
0008952
0008953
0008954
0008955
0008957
0008959
0008961
0008962
0008964
0008966
0008969
0008972
0008973
0008974
0008976
0008978
0008979
0008980
0008981
0008982
0008983
0008985
0008986
0008988
0008989
0008991
0008992
0008993
0008995
0008996
0008997
0008999
0009000
0009001
0009002
0009006
0009011
0009013
0009017
0009018
0009019
0009020
0009021
0009022
0009025
0009027
0009030
0009031
0009032
0009033
0009036
0009039
0009041
0009042
0009046
0009048
0009049
0009050
0009053
0009054
0009055
0009056
0009057
0009058
0009062
0009065
0009067
0009068
0009069
0009073
0009076
0009078
0009079
0009080
0009081
0009082
0009083
0009084
0009087
0009089
0009091
0009093
0009094
0009095
0009098
0009099
0009101
0009103
0009104
0009106
0009107
0009108
0009110
0009114
0009115
0009116
0009117
0009118
0009120
0009122
0009123
0009124
0009127
0009128
0009130
0009131
0009132
0009133
0009134
0009135
0009137
0009138
0009139
0009142
0009144
0009145
0009148
0009149
0009150
0009151
0009152
0009155
0009157
0009158
0009159
0009160
0009164
0009165
0009166
0009167
0009168
0009170
0009171
0009172
0009175
0009176
0009180
0009181
0009182
0009183
0009186
0009187
0009188
0009190
0009191
0009192
0009198
0009199
0009201
0009203
0009205
0009209
0009211
0009216
0009217
0009218
0009220
0009223
0009229
0009231
0009232
0009234
0009236
0009237
0009240
0009241
0009242
0009243
0009244
0009246
0009249
0009250
0009253
0009255
0009256
0009258
0009259
0009261
0009262
0009263
0009265
0009267
0009269
0009270
0009271
0009272
0009274
0009275
0009277
0009280
0009282
0009286
0009287
0009288
0009289
0009290
0009291
0009293
0009294
0009295
0009296
0009298
0009299
0009300
0009301
0009302
0009304
0009306
0009307
0009308
0009310
0009312
0009313
0009314
0009316
0009317
0009318
0009319
0009321
0009322
0009323
0009324
0009325
0009326
0009327
0009329
0009330
0009331
0009333
0009336
0009337
0009338
0009339
0009341
0009342
0009344
0009345
0009346
0009347
0009348
0009349
0009350
0009351
0009353
0009355
0009356
0009359
0009360
0009362
0009364
0009366
0009368
0009371
0009372
0009373
0009375
0009377
0009378
0009379
0009380
0009381
0009383
0009385
0009386
0009388
0009389
0009391
0009393
0009394
0009398
